[BODY CAL]
K = 468750.000000
B = -1875.000000
[US CAL]
K = 468750.000000
B = -1875.000000